0.00319826
0.0061104
0.0159799
0.022024
0.00419383
0.0068632
0.0087811
0.00482361
0.00705578
0.00523483
0.110475
0.0102734
0.00305505
0.0169507
0.00962993
0.0193728
0.00729142
0.00300687
0.00355153
0.00188242
0.00229222
0.00172094
0.00387659
0.00281853
0.0018077
0.00232276
0.00195864
0.00461494
0.00691013
0.00946608
0.000442613
0.000746702
0.000558388
0.000934384
0.00111051
0.00496229
0.0115663
0.00129839
0.000966942
0.00109788
0.00159091
0.00436602
0.00221438
0.00126529
0.00595119
0.000610682
0.00119319
0.0583973
0.0040273
0.00173436
0.00080038
0.000338709
0.00516358
0.00123757
0.00850045
0.010233
0.00147121
0.00756433
0.000660148
0.000183827
0.00187932
0.00356841
0.000495912
0.00331047
0.000624979
0.00059666
0.00224055
0.00182465
0.150151
0.00985637
0.00444087
0.00321281
0.00149164
0.00394725
0.00491231
0.00238339
0.00239154
0.000873854
0.000859052
0.00388321
0.0175178
0.0015107
0.00121158
0.00332828
0.00122413
0.002055
0.00175433
0.0125846
0.00103079
0.0012772
0.0021614
0.000869127
0.00275712
0.00187693
0.00213255
0.00144879
0.00136152
0.00151916
0.00150981
0.000551479
0.00123637
0.00208291
0.00138072
0.101368
0.00273529
0.0045307
0.00368647
0.00542777
0.00273951
0.0023686
0.00148259
0.00155716
0.0087857
0.000919874
0.0020511
0.0353882
0.00215445
0.00405502
0.00236194
0.00112932
0.00546246
0.00339671
0.000451065
0.0601784
0.00117824
0.00751978
0.000737758
0.0427411
0.00165296
0.000717815
0.0031363
0.00293339
0.000323023
0.016305
0.00361308
0.135343
0.00128269
0.0827628
0.0659069
0.00148696
0.00739404
0.00931104
0.00102908
0.132284
0.00372002
0.00881556
0.00103839
0.00403288
0.00231268
0.0595165
0.0109539
0.00772849
0.098003
0.00342507
0.00802612
0.00163804
0.040645
0.0343411
0.00384966
0.0354151
0.02497
0.0305563
0.000741435
0.000847822
0.0390451
0.00137041
0.0080346
0.00768411
0.00207642
0.00105199
0.00534449
0.00137623
0.00540885
0.00266872
0.00247543
0.0641485
0.0198516
0.00110474
0.000983048
0.000880996
0.000768454
0.0404684
0.00049456
0.00111434
0.00122419
0.00129792
0.00300974
0.0190399
0.00221329
0.0013192
0.00284912
0.0662753
0.000901913
0.000969941
0.000944079
0.00252167
0.000621361
0.00231687
0.00554363
0.00234336
0.0115429
0.000383891
0.00423861
0.00181279
0.000905377
0.0931139
0.000737837
0.00141264
0.0056782
0.000588298
0.000765337
0.00163355
0.00139453
0.00218726
0.0453213
0.0370597
0.0295206
0.0483877
0.0269825
0.00253504
0.000775249
0.0526938
0.0191392
0.00269872
0.000578519
0.00131048
0.00340113
0.00164864
0.000815424
0.00241206
0.00054005
0.00182902
0.0673986
0.00371509
0.00140337
0.00116507
0.0176239
0.00760804
0.00483699
0.00176013
0.00198733
0.00265322
0.0565574
0.00100948
0.00307833
0.00237133
0.00971044
0.00241204
0.00126273
0.000768125
0.00172342
0.00162352
0.0155414
0.00119854
0.00277973
0.00162961
0.0011731
0.0988564
0.000668542
0.00204725
0.00345251
0.00338072
0.000820956
0.0200846
0.0010798
0.0209497
0.000807097
0.00134853
0.00150401
0.00197838
0.00124037
0.00305201
0.0535604
0.14468
0.000395573
0.00047853
0.000878619
0.000895521
0.000675094
0.0162148
0.00065158
0.00410265
0.00622796
0.0317211
0.00318433
0.00174453
0.0618287
0.00271525
0.00251019
0.00929326
0.000862657
0.000743619
0.00105335
0.00106152
0.00073305
0.00684683
0.000386805
0.000566984
0.00114577
0.0010863
0.000346365
0.00288117
0.000278602
0.000610818
0.00257842
0.000652609
0.0748024
0.00688375
0.00551938
0.00039811
0.000239704
0.0282046
0.00301735
0.0272905
0.000332978
0.000536966
0.001067
0.000479891
0.000371555
0.00135915
0.00102029
0.000552134
0.00094648
0.000733764
0.159367
0.00062483
0.00573021
0.000500006
0.000748585
0.00105968
0.000647234
0.000437615
0.00419955
0.000807109
0.0037988
0.0153126
0.020574
0.000357671
0.101295
0.00122752
0.00347752
0.0009878
0.000361923
0.00202567
0.000998937
0.0011489
0.000919259
0.00116888
0.00123221
0.000485641
0.000561797
0.0116613
0.00280034
0.000395171
0.0583716
0.00121331
0.000484608
0.000267844
0.00104266
0.000416245
0.01382
0.000283709
0.000971539
0.000335514
0.000526903
0.000443503
0.000307047
0.000457512
0.00141769
0.000815626
0.000538417
0.000782435
0.000627338
0.000309862
0.000406643
0.000235571
0.000205918
0.000265783
0.00340602
0.000449397
0.131148
0.000357683
0.0569757
0.000754773
0.0122149
0.0012092
0.0413591
0.000691823
0.000850571
0.0193899
0.00097472
0.000648658
0.000517188
0.000634047
0.000264557
0.0137437
0.000656294
0.00190841
0.000426155
0.000317801
0.00285076
0.00092572
0.00039733
0.000593721
0.00021845
0.00027184
0.000229312
0.00087241
0.00858706
0.000234115
0.000354139
0.0113229
0.0376474
0.000249448
0.00118543
0.000542608
0.00156364
0.000743365
0.000382944
0.00191371
0.000502681
0.000446338
0.00042924
0.000352439
0.00257807
0.00147622
0.000163536
0.000287099
0.000481189
0.016931
0.000290399
0.00034461
0.00126706
0.000810863
0.000553721
0.00032179
0.000497822
0.000184579
0.00131245
0.0144087
0.000328196
0.000324212
0.000449671
0.000189352
0.00132468
0.000360649
0.0161078
0.000456586
0.000163532
0.000223824
0.000643393
0.000538954
0.000372306
0.00421482
0.000682622
0.056043
0.000280118
0.000378671
0.00117227
0.000771435
0.00119972
0.0143401
0.0009051
0.000599004
0.000439171
0.00221159
0.000399138
0.000399007
0.000473304
0.00803324
0.000937244
0.000615277
0.107533
0.00939809
0.00541356
0.00814152
0.000877634
0.000553454
0.0501809
0.000365643
0.00107444
0.000397732
0.0162755
0.00037258
0.000245602
0.00666272
0.00209034
0.0768166
0.000566306
0.00114047
0.00516841
0.00793708
0.00179951
0.019097
0.00240297
0.0271841
0.0010832
0.010821
0.00222222
0.0362509
0.000682739
0.00114867
0.00131595
0.00106124
0.000883309
0.000520196
0.0695304
0.00321258
0.001222
0.000778456
0.0015029
0.000905853
0.000831137
0.00106594
0.000425311
0.000785375
0.000690859
0.000798708
0.000378706
0.00890769
0.000902729
0.00398111
0.000912625
0.0395584
0.000376541
0.0023481
0.000203676
0.0109541
0.000307328
0.00101368
0.000593611
0.00139879
0.000270666
0.00156901
0.00261016
0.000201039
0.000474483
0.00014643
0.00041796
0.00305397
0.069559
0.000325272
0.00146703
0.000443982
0.000319731
0.000719457
0.000900322
0.000578614
0.000365623
0.00170146
0.00354671
0.00235306
0.00572562
0.000622675
0.000638081
0.000433062
0.000342289
0.000552771
0.00033631
0.00113963
0.000650051
0.000519623
0.143394
0.000289406
0.000231968
0.0010744
0.000542105
0.00040433
0.090267
0.00261233
0.00062799
0.049563
0.00114893
0.00210591
0.00536187
0.00142184
0.00171048
0.00152571
0.00198754
0.00116513
0.00138223
0.00053508
0.0133086
0.000491311
0.00385117
0.000487579
0.000729745
0.00112927
0.0280501
0.00180145
0.000481116
0.0502845
0.000703896
0.0152767
0.00417486
0.00514545
0.000464265
0.00044325
0.00125706
0.000592913
0.000546663
0.000541314
0.000730626
0.000591112
0.000316701
0.000524543
0.00319234
0.0369493
0.000488398
0.00677105
0.000204247
0.000307777
0.000186983
0.000379886
0.0206834
0.00276276
0.000838233
0.00025254
0.00101183
0.000340062
0.00255265
0.000320218
0.000123637
0.0689744
0.0756377
0.000324967
0.000523065
0.00106046
0.00110798
0.0020365
0.0553392
0.00307841
0.0515966
0.000828931
0.000966186
0.000744468
0.000416887
0.00895427
0.00218049
0.00391704
0.00357898
0.00314117
0.012863
0.0440142
0.0204413
0.00216991
0.000200046
0.00439265
0.00072172
0.000599157
0.00155964
0.000201877
0.000424829
0.000649948
0.000343697
0.00471524
0.0389246
0.128554
0.00466911
0.00409239
0.000398063
0.00117933
0.00225146
0.00150222
0.00430957
0.000952456
0.00176689
0.00112907
0.00704579
0.00045139
0.00265152
0.000833689
0.00173314
0.00289479
0.120611
0.00241517
0.000599813
0.00308895
0.0120468
0.00115444
0.000686322
0.000297443
0.00529548
0.000207108
0.000249426
0.00670508
0.000212538
0.0099668
0.0089192
0.00210783
0.000351341
0.000774916
0.00593346
0.00235319
0.000231177
0.00263306
0.00032858
0.000665551
0.00627456
0.00051249
0.000764721
0.000131974
0.000866086
0.000554054
0.000942699
0.00152099
0.000725222
0.00209395
0.000357597
0.0430202
0.000182094
0.000461319
0.138833
0.000445044
0.031015
0.0696478
0.00048114
0.0482404
0.0030383
0.0100381
0.0049925
0.00159674
0.000451499
0.000978557
0.000499088
0.00189953
0.00104088
0.000324857
0.00305191
0.00103841
0.000668683
0.00141834
0.00965346
0.00107876
0.000398225
0.000494036
0.00388762
0.00279685
0.0133243
0.0111236
0.000511387
0.00226788
0.00754654
0.000971873
0.000382356
0.00320284
0.00104534
0.000629977
0.000334392
0.000191548
0.00119671
0.000234646
0.000131795
0.00078604
0.00101664
0.0014898
0.000760889
0.00026609
0.000526595
0.000235933
0.000886824
0.0103549
0.0647275
0.000448151
0.00153637
0.00225508
0.0571011
0.000393654
0.000584414
0.0119483
0.000762366
0.000729632
0.00252946
0.00281779
0.000533258
0.00098427
0.000850213
0.000270914
0.000647561
0.000347446
0.000624307
0.00659405
0.000322759
0.000313017
0.000265302
0.000207906
0.00222681
0.000188214
0.00135597
0.000104795
0.0485396
0.00118848
0.000406218
0.000287904
0.00132802
0.000340666
0.00388295
0.000176927
0.000161388
0.00014686
0.000271364
0.00015047
0.00053707
0.000147235
0.00016411
0.0129356
0.0409673
0.138786
0.000199191
0.000375872
0.0037512
0.00465843
0.00103005
0.00143469
0.000514253
0.00807261
0.00413408
0.000236681
0.000314733
0.000344537
0.00328375
0.000435987
0.000296742
0.000162535
0.000271018
0.000227814
0.00140024
0.0500705
0.0172494
0.00348793
0.000397414
0.00034627
0.00273936
0.0237733
0.00111621
0.0231118
0.000371664
0.000641481
0.000664432
0.00202024
0.00106882
0.0598542
0.00137439
0.000152349
0.000636143
0.000591557
0.000249084
0.000683154
0.0234305
0.0043117
0.000520174
0.0111942
0.010497
0.0128108
0.0105911
0.0502799
0.00071688
0.0095626
0.0045516
0.000409287
0.000979147
0.000696456
0.135593
0.0103071
0.000431459
0.000320509
0.00133095
0.00186569
0.0486026
0.000741518
0.00226968
0.000531608
0.0103773
0.000632921
0.000302876
0.00120483
0.000500662
0.00225634
0.0349825
0.00235116
0.000467256
0.000643962
0.0019035
0.00221286
0.000347546
0.000158406
0.0599194
0.000367947
0.000345509
0.0014977
0.000196062
0.000361688
0.0334583
0.00260419
0.000227309
0.000599176
0.000432067
0.000438843
0.00631974
0.00166512
0.00209214
0.000249071
0.00634724
0.000339884
0.159345
0.000258233
0.000722412
0.0019259
0.000320634
0.00031633
0.00880845
0.000881954
0.000668981
0.000664801
0.00322645
0.000288793
0.000397242
0.000710235
0.00312741
0.00120862
0.000601131
0.000300149
0.000218467
0.000387212
0.00795196
0.000255646
0.00252051
0.000796377
0.0260145
0.00136076
0.0362882
0.000385946
0.0251229
0.00101359
0.00167481
0.000687357
0.000270892
0.00052246
0.000272362
0.000228097
0.000223317
0.000275124
0.00481522
0.000458377
0.00021126
0.00446351
0.00083351
0.000196452
9.93031e-05
0.000380328
9.72436e-05
0.000359459
0.00331692
0.000246214
0.0108451
0.00052575
0.000420216
0.000686005
0.000232898
0.000187665
0.000210315
0.000439285
0.000217203
0.000135928
0.000245434
0.000626867
0.000329038
0.000899602
0.000116717
0.000285495
0.000205592
0.00014558
0.000980646
0.000183485
0.000221184
0.000366782
0.000333292
0.00862845
0.00103745
0.000129037
0.000145337
0.000134211
0.00431944
0.000324619
0.000362837
6.65346e-05
0.00691082
0.0378842
0.000157932
0.00263333
0.0302922
0.000349226
0.000196311
0.00247325
0.00200625
0.000177587
0.00580839
0.000400751
0.00013407
0.00246836
